SCMBranch=SOLProjects
SCMRepository=SOLProjects/DHIAU/DHI.Services.ARRWebPortal/DHI.Services.ARRWebPortal
SCMMainlineUUID={c197ff51-f468-4c90-aa9e-419f4ff377e4}
SCMBranchRepositoryID=173956
ArealTemporalPattern.cs;2226071933;1;1550730950;|336522|458807
CrossSection.cs;299969071;3;1550730950;|383497|567323
Dfs0Reader.cs;774016981;1;1550730950;|333736|453636
Dfs0SqlCache.cs;840898772;5;1550730950;|333702|527735
Dfs0Writer.cs;2918675497;8;1550730950;|333676|471838
Dfs2FileProcess.cs;3644738132;20;1550730950;|344743|595629
DHI.Services.ARRWebPortal.csproj.vspscc;2062352897;1;1550730950;|333672|453220
IfdTableRequest.cs;800778622;20;1550730950;|333677|631605
IndexFile.cs;2793630904;1;1550730950;|338107|462787
Logging.cs;636713383;3;1550730950;|336937|548310
LossesRequest.cs;2621366824;4;1550730950;|336520|527730
MeshProcess.cs;3765130389;16;1550730950;|382955|592463
NetworkProcess.cs;881962342;2;1550730950;|383743|567320
PFS.cs;1396633430;22;1550730951;|336934|562586
ProcessMike11.cs;910013384;1;1550730951;|336935|459983
RaftsParser.cs;1719671605;6;1550730951;|333675|505154
Randomize.cs;1929696846;3;1550730951;|336936|471169
RetrieveDfs0.cs;2602150142;7;1550730951;|333735|527734
RorbParser.cs;1670358027;3;1550730951;|333674|453241
SetDfs0.cs;2844759665;8;1550730951;|333734|527733
SQL.cs;2689121286;5;1550730951;|333701|592464
TemporalPattern.cs;151214517;1;1550730951;|336514|458635
TemporalPatternDfs0.cs;1530154783;20;1550730951;|335397|548308
TemporalPatternRequest.cs;1944478365;4;1550730951;|335398|471841
UrbsParser.cs;2486430929;4;1550730952;|333678|467284
DHI.Services.ARRWebPortal.csproj;1171255305;20;1551064281;|333673|569589
ProcessModelSetup.cs;3606688270;33;1551066931;|336649|562587
Definition.cs;134470277;23;1551137172;|336513|660388
